50
0.226735 156.883804 2278114.250000
0.327407 0.482950 2591842.500000
0.452727 0.472879 2659054.500000
0.463462 0.461511 3000258.000000
0.475083 122.906425 3264434.250000
0.495157 0.420158 2890632.750000
0.518373 0.394946 3016285.750000
0.542560 0.367975 3177420.250000
0.562369 74.543564 2840303.250000
0.565994 73.783142 3110239.000000
0.568328 0.344977 3359914.250000
0.567421 0.343492 3364600.250000
0.568919 72.309708 3278667.500000
0.570890 0.340165 3520142.750000
0.573971 72.668518 3573555.000000
0.578070 0.341826 3446138.750000
0.577286 0.343905 3683923.750000
0.574459 0.346123 3827392.500000
0.572808 0.347428 3583782.000000
0.571335 0.348346 3552577.750000
0.570584 0.348222 3621052.750000
0.569227 0.347113 3553668.750000
0.567284 74.739090 3628580.500000
0.565522 0.344268 3572497.000000
0.563757 0.341489 419.863434
0.562454 71.466309 3709926.250000
0.561878 0.333736 3567750.000000
0.558346 0.333904 3418249.750000
0.552576 0.337099 3453589.750000
0.547498 0.340491 3666433.750000
0.542894 0.343961 3907909.250000
0.538467 75.194885 4038849.000000
0.534774 0.349657 3907683.750000
0.531784 0.351866 3716273.500000
0.529967 0.353812 3787562.500000
0.528686 79.152222 3731584.250000
0.527935 0.357575 3868746.750000
0.528132 0.358990 3909503.250000
0.529011 0.359920 4001940.250000
0.530302 0.360798 3950231.250000
0.531683 0.361825 405.976929
0.533043 0.362365 4112596.250000
0.534752 0.362361 4028775.000000
0.536146 0.362058 3934517.250000
0.538052 81.384430 4006601.500000
0.540146 80.704605 4072287.000000
0.542365 0.357327 4220449.000000
0.545216 0.354725 4101377.000000
0.548128 77.373085 4005001.750000
0.550937 0.348774 3944050.750000
