50
0.226735 156.883804 2278114.250000
0.694772 0.287062 2154566.750000
0.798161 0.200182 2052032.500000
0.633740 69.779633 1892631.375000
0.664658 0.270386 1719884.875000
0.704754 34.681564 1314600.625000
0.798407 0.439582 839228.937500
0.874116 0.550418 686244.375000
0.958426 0.552888 680273.562500
0.983193 0.554567 677086.125000
0.992628 0.555173 675929.375000
0.996730 0.555402 675615.875000
0.998539 0.555493 675541.562500
0.999344 0.555531 675499.187500
0.999704 192.893921 675505.500000
0.999866 192.898056 675520.750000
0.999939 0.555553 675534.875000
0.999972 0.555554 675545.125000
0.999987 0.555555 675552.625000
0.999994 0.555555 675557.500000
0.999997 0.555555 675560.062500
0.999998 192.901062 675560.000000
0.999999 0.555555 277.777863
0.999999 192.901138 675559.437500
0.999999 192.901077 675558.312500
0.999999 0.555555 675556.250000
0.999999 0.555555 675553.875000
0.999999 0.555555 675552.562500
0.999999 0.555555 675550.562500
0.999999 0.555556 675548.562500
0.999999 0.555555 675546.437500
0.999999 0.555555 675545.000000
0.999999 192.901169 675543.500000
0.999999 0.555555 675541.937500
0.999999 192.901154 675540.625000
0.999999 0.555555 675540.000000
0.999999 0.555556 675538.187500
0.999999 0.555555 675536.500000
0.999999 0.555555 675533.875000
0.999999 0.555555 675531.750000
0.999999 192.901230 675530.375000
0.999999 0.555556 675528.875000
0.999999 192.901169 675526.312500
0.999999 0.555555 675524.937500
0.999999 192.901169 675522.875000
0.999999 0.555556 675520.625000
0.999999 0.555555 675519.937500
0.999999 0.555555 675517.500000
0.999999 0.555555 675515.687500
0.999999 0.555556 675513.625000
