50
0.226735 nan 2.168428
0.662246 nan 444.703735
0.825116 nan 2.879291
0.891292 nan 6.488723
0.922555 nan 571.438354
0.938789 nan 4.837405
0.948814 nan 16.293570
0.955765 nan 17.699417
0.960932 nan 3.211026
0.964974 nan 603.480957
0.968269 nan 605.721069
0.971037 nan 607.551270
0.973425 nan 609.093750
0.975517 nan 610.419556
0.977378 nan 611.581909
0.979052 nan 16.145853
0.980568 nan 2.191482
0.981952 nan 614.379395
0.983223 nan 1.965262
0.984396 nan 615.848206
0.985473 nan 16.241045
0.986470 nan 617.085144
0.987395 nan 4.641483
0.988251 nan 2.465084
0.989048 nan 3.195872
0.989788 nan 1.954902
0.990478 nan 17.108477
0.991119 nan 619.831787
0.991717 nan 620.182861
0.992276 nan 620.510986
0.992794 nan 6.423420
0.993277 nan 2.159738
0.993728 nan 4.852666
0.994148 nan 4.780527
0.994540 nan 3.180499
0.994907 nan 2.459111
0.995249 nan 3.223549
0.995568 nan 6.403064
0.995865 nan 1.972156
0.996142 nan 4.709559
0.996401 nan 622.917725
0.996642 nan 623.057861
0.996867 nan 623.188171
0.997077 nan 623.310120
0.997273 nan 6.159685
0.997456 nan 623.529785
0.997626 nan 16.917301
0.997786 nan 623.720703
0.997934 nan 4.608650
0.998073 nan 623.887085
