500
0.002077
0.000319
0.001020
0.000212
0.000233
0.000328
0.000797
0.000280
0.000107
0.001486
0.000741
0.001483
0.002492
0.000116
0.000797
0.005545
0.000224
0.000113
0.000628
0.000847
0.001462
0.000287
0.000480
0.000294
0.000616
0.001027
0.000936
0.001204
0.005659
0.001021
0.002344
0.001755
0.001362
0.000845
0.001575
0.001551
0.001632
0.001698
0.001160
0.003630
0.004301
0.000287
0.001404
0.005758
0.002625
0.000199
0.000080
0.000670
0.003550
0.000009
0.005202
0.000430
0.006166
0.003956
0.000306
0.005801
0.000274
0.000787
0.000555
0.003946
0.007038
0.000059
0.006388
0.002526
0.005018
0.009497
0.006004
0.003697
0.001700
0.000051
0.004838
0.017794
0.002952
0.003048
0.004738
0.001250
0.001294
0.000988
0.010961
0.002774
0.000432
0.002688
0.010570
0.019118
0.006900
0.001616
0.001878
0.000769
0.010618
0.007254
0.002430
0.000775
0.002576
0.002303
0.006731
0.001346
0.000247
0.001379
0.008430
0.004631
0.015724
0.000548
0.007160
0.001189
0.011085
0.001026
0.008845
0.004205
0.006549
0.000600
0.006301
0.003156
0.002204
0.007129
0.003626
0.016319
0.021450
0.014665
0.001205
0.013159
0.005607
0.003458
0.005216
0.013840
0.013112
0.002410
0.000060
0.001077
0.000002
0.003573
0.001520
0.002420
0.003026
0.003596
0.002623
0.004807
0.000063
0.005180
0.009162
0.007212
0.000284
0.002701
0.001197
0.006929
0.001454
0.004867
0.003271
0.002445
0.001720
0.003879
0.004046
0.006683
0.004096
0.001936
0.010485
0.003545
0.003101
0.006713
0.011749
0.000239
0.000691
0.007506
0.001599
0.002653
0.000568
0.000778
0.012034
0.002691
0.000100
0.000412
0.491713
0.414060
0.599426
0.518616
0.620183
0.396044
0.524250
0.641158
0.590491
0.494974
0.661653
0.536099
0.680939
0.645130
0.555260
0.529117
0.546998
0.625227
0.541957
0.560952
0.502344
0.568722
0.639675
0.658585
0.526961
0.366064
0.644909
0.634228
0.639418
0.433606
0.003947
0.005008
0.004552
0.004286
0.001383
0.005145
0.002165
0.000361
0.002180
0.002025
0.006614
0.013891
0.032681
0.022412
0.004332
0.002084
0.014349
0.002663
0.000006
0.004823
0.007004
0.021122
0.012813
0.002524
0.010799
0.004934
0.010698
0.001825
0.007877
0.011169
0.009217
0.015469
0.001595
0.002641
0.003400
0.003616
0.005800
0.000846
0.002581
0.010748
0.022723
0.042486
0.005823
0.017547
0.001480
0.001976
0.010612
0.000014
0.001541
0.016270
0.006003
0.019948
0.007221
0.008137
0.002559
0.005083
0.001637
0.002010
0.009061
0.008876
0.002976
0.009729
0.003094
0.002190
0.001092
0.017016
0.007503
0.008490
0.000229
0.009795
0.033735
0.031305
0.006116
0.006782
0.006595
0.000140
0.013955
0.012223
0.002334
0.003907
0.008446
0.005914
0.012592
0.019702
0.009329
0.021773
0.004307
0.016970
0.010282
0.004546
0.025781
0.002992
0.002167
0.029703
0.017558
0.002213
0.000428
0.001371
0.000171
0.001923
0.424783
0.661461
0.712421
0.762668
0.572636
0.635846
0.623319
0.716951
0.538720
0.499702
0.556385
0.490281
0.527119
0.518297
0.538492
0.672056
0.735466
0.673266
0.700001
0.820930
0.594378
0.443579
0.459422
0.412550
0.540090
0.626152
0.693951
0.517203
0.570741
0.509166
0.000306
0.002234
0.016133
0.003103
0.008367
0.001974
0.005671
0.005117
0.004752
0.000121
0.000290
0.000619
0.005542
0.010284
0.003390
0.001172
0.006977
0.000514
0.004760
0.004435
0.013627
0.015984
0.010492
0.002235
0.000387
0.003357
0.007861
0.000783
0.012422
0.016576
0.008241
0.001483
0.006598
0.002851
0.002982
0.009855
0.009258
0.000130
0.004787
0.002177
0.009865
0.011150
0.008500
0.001152
0.000250
0.004714
0.000251
0.009809
0.003703
0.001398
0.000944
0.002893
0.002426
0.000244
0.014776
0.000590
0.020624
0.003725
0.003011
0.004152
0.009181
0.004011
0.003832
0.001435
0.000216
0.003715
0.007099
0.013522
0.016383
0.004839
0.003250
0.000051
0.008704
0.002364
0.016352
0.012732
0.002776
0.000415
0.002810
0.005208
0.008914
0.001695
0.007615
0.005710
0.007444
0.001275
0.000790
0.001793
0.000237
0.000360
0.002369
0.003978
0.001870
0.000651
0.000564
0.008011
0.001778
0.003863
0.000527
0.004501
0.000455
0.000256
0.001578
0.005861
0.007258
0.000664
0.000030
0.001905
0.000460
0.001102
0.000521
0.003453
0.000412
0.001287
0.009988
0.000307
0.006619
0.009423
0.002785
0.003189
0.000727
0.008604
0.005213
0.006933
0.008484
0.000187
0.000484
0.003044
0.006471
0.001358
0.006147
0.007125
0.005751
0.002987
0.001119
0.001255
0.002124
0.000215
0.000288
0.000048
0.002869
0.006318
0.001766
0.000648
0.000588
0.001107
0.001688
0.000904
0.003828
0.003389
0.002748
0.003543
0.001822
0.000181
0.002323
0.000448
0.002336
0.000723
0.002712
0.000339
0.002556
0.000324
0.000275
0.000292
0.000129
0.000092
0.001426
0.002576
0.000442
0.002971
