500
0.029092
0.037496
0.032052
0.021397
0.008076
0.018970
0.010681
0.016857
0.066601
0.042581
0.005870
0.010767
0.021406
0.183746
0.131991
0.050799
0.020191
0.035007
0.029903
0.004962
0.003803
0.051942
0.006444
0.043494
0.094013
0.028445
0.027716
0.036241
0.087154
0.004511
0.003403
0.019913
0.039614
0.062149
0.041888
0.011756
0.017219
0.003760
0.029728
0.024884
0.035619
0.011379
0.007892
0.089942
0.019785
0.047516
0.103930
0.003718
0.004689
0.068468
0.050438
0.004748
0.011193
0.031928
0.129686
0.024411
0.033600
0.032609
0.050963
0.105726
0.046873
0.039066
0.046744
0.024431
0.057212
0.003091
0.010785
0.022079
0.031369
0.001789
0.096558
0.032841
0.001373
0.002831
0.033249
0.002899
0.162974
0.162485
0.118773
0.303914
0.042972
0.008921
0.036386
0.116148
0.228629
0.131138
0.051074
0.026225
0.017492
0.012997
0.001585
0.145313
0.108668
0.157583
0.000858
0.006587
0.024275
0.130597
0.091472
0.021655
0.000000
0.000000
0.000000
0.000000
0.000000
0.000000
0.000000
0.000000
0.000000
0.000000
0.000000
0.000000
0.000000
0.000000
0.000000
0.000000
0.000000
0.000000
0.000000
0.000000
0.000001
0.000000
0.000000
0.000000
0.000000
0.000001
0.000001
0.000000
0.000000
0.000000
0.000000
0.000000
0.000000
0.000000
0.000000
0.000001
0.000000
0.000001
0.000001
0.000000
0.000000
0.000001
0.000000
0.000002
0.000001
0.000000
0.000002
0.000001
0.000001
0.000000
0.000001
0.000000
0.000000
0.000000
0.000000
0.000000
0.000000
0.000001
0.000001
0.000000
0.000000
0.000001
0.000000
0.000001
0.000003
0.000002
0.000002
0.000001
0.000000
0.000000
0.444454
0.445393
0.443613
0.444035
0.444896
0.444157
0.444954
0.445469
0.444705
0.443559
0.445003
0.442151
0.443618
0.445706
0.443365
0.445486
0.443518
0.444882
0.443999
0.443157
0.444252
0.443785
0.443870
0.445491
0.443394
0.445706
0.445026
0.443978
0.445453
0.444021
0.000001
0.000003
0.000003
0.000002
0.000002
0.000002
0.000000
0.000000
0.000000
0.000001
0.000002
0.000002
0.000000
0.000000
0.000001
0.000000
0.000000
0.000001
0.000000
0.000000
0.000000
0.000001
0.000000
0.000001
0.000001
0.000000
0.000001
0.000001
0.000000
0.000001
0.000002
0.000001
0.000001
0.000001
0.000002
0.000001
0.000001
0.000002
0.000001
0.000000
0.000001
0.000000
0.000000
0.000000
0.000000
0.000001
0.000000
0.000000
0.000001
0.000000
0.000000
0.000000
0.000001
0.000001
0.000000
0.000002
0.000001
0.000001
0.000000
0.000001
0.000000
0.000000
0.000000
0.000001
0.000000
0.000001
0.000001
0.000001
0.000002
0.000001
0.000001
0.000001
0.000000
0.000000
0.000002
0.000001
0.000002
0.000001
0.000000
0.000002
0.000001
0.000000
0.000000
0.000002
0.000000
0.000003
0.000002
0.000001
0.000001
0.000003
0.000002
0.000001
0.000000
0.000001
0.000002
0.000000
0.000000
0.000000
0.000000
0.000000
0.444281
0.445221
0.443593
0.443147
0.444768
0.444558
0.445207
0.444613
0.445061
0.443947
0.443940
0.445148
0.444489
0.444643
0.444051
0.445991
0.444919
0.444674
0.444420
0.444661
0.443455
0.445744
0.443247
0.444009
0.444762
0.443983
0.443626
0.443481
0.445264
0.442769
0.000003
0.000001
0.000001
0.000000
0.000001
0.000002
0.000002
0.000001
0.000002
0.000002
0.000001
0.000000
0.000000
0.000001
0.000001
0.000001
0.000000
0.000000
0.000001
0.000001
0.000001
0.000001
0.000000
0.000001
0.000001
0.000002
0.000001
0.000002
0.000003
0.000000
0.000002
0.000001
0.000000
0.000000
0.000000
0.000000
0.000000
0.000000
0.000000
0.000000
0.000000
0.000001
0.000001
0.000000
0.000000
0.000000
0.000000
0.000000
0.000000
0.000000
0.000000
0.000000
0.000000
0.000000
0.000000
0.000000
0.000000
0.000000
0.000000
0.000000
0.000000
0.000000
0.000000
0.000000
0.000000
0.000000
0.000000
0.000000
0.000000
0.000000
0.290956
0.216283
0.043990
0.047697
0.150170
0.223090
0.162018
0.067022
0.055039
0.153920
0.113463
0.018788
0.063251
0.163187
0.043109
0.036863
0.009324
0.072911
0.029288
0.055070
0.040874
0.243597
0.260708
0.041653
0.492717
0.162101
0.084715
0.000076
0.089487
0.027749
0.011016
0.041409
0.015714
0.070946
0.088496
0.006936
0.039535
0.010713
0.160456
0.016177
0.025204
0.095608
0.041339
0.033219
0.022129
0.024348
0.052020
0.038534
0.026180
0.038345
0.010828
0.012704
0.079523
0.028560
0.003706
0.011643
0.158447
0.130984
0.089897
0.075097
0.051480
0.002590
0.020668
0.088950
0.012237
0.183634
0.014208
0.004815
0.045164
0.064880
0.032473
0.005848
0.084403
0.054048
0.007402
0.105653
0.014099
0.032798
0.026039
0.090198
0.061320
0.006778
0.023166
0.006400
0.051511
0.038736
0.136150
0.002293
0.008867
0.059867
0.080177
0.035117
0.048922
0.026550
0.035077
0.038456
0.034170
0.033113
0.009071
0.013768
