500
0.000505
0.004991
0.008908
0.000786
0.010916
0.004170
0.000437
0.002038
0.001450
0.007651
0.009431
0.000691
0.002452
0.000853
0.006216
0.000261
0.000288
0.000473
0.002278
0.001493
0.000108
0.000003
0.003379
0.008399
0.009371
0.007795
0.001148
0.000938
0.000680
0.002368
0.003837
0.001364
0.016490
0.009906
0.001378
0.001558
0.006716
0.000162
0.000417
0.008426
0.001578
0.001892
0.000123
0.016430
0.002141
0.001037
0.001816
0.000945
0.008311
0.011067
0.008098
0.007286
0.006569
0.003841
0.007008
0.001737
0.001290
0.007725
0.012025
0.005840
0.002716
0.001662
0.019042
0.001702
0.002382
0.000342
0.001791
0.002975
0.009791
0.000453
0.001165
0.003912
0.000429
0.009983
0.009755
0.004075
0.004238
0.002889
0.011605
0.035078
0.002546
0.003706
0.004501
0.016290
0.005830
0.015162
0.002395
0.028079
0.006990
0.000098
0.002306
0.021058
0.011174
0.017091
0.003705
0.000518
0.002133
0.019002
0.012872
0.008014
0.022773
0.012668
0.014631
0.007098
0.029796
0.023714
0.022328
0.000859
0.037050
0.035302
0.072476
0.094081
0.034033
0.004297
0.016420
0.043250
0.007075
0.004972
0.014161
0.004537
0.008354
0.036536
0.020614
0.010031
0.014792
0.012353
0.008309
0.001137
0.017712
0.034900
0.000075
0.005775
0.000270
0.012010
0.026990
0.031270
0.004263
0.000530
0.010166
0.020608
0.013554
0.004730
0.003987
0.010059
0.001610
0.003761
0.008694
0.036337
0.076219
0.020103
0.025757
0.040733
0.081373
0.035765
0.004992
0.011210
0.097748
0.112197
0.050074
0.027852
0.044999
0.044796
0.001224
0.077626
0.033325
0.001285
0.005252
0.013330
0.023508
0.072880
0.444446
0.444450
0.444441
0.444443
0.444445
0.444440
0.444446
0.444444
0.444446
0.444448
0.444449
0.444432
0.444440
0.444449
0.444443
0.444445
0.444434
0.444446
0.444442
0.444427
0.444431
0.444444
0.444435
0.444446
0.444440
0.444450
0.444445
0.444435
0.444452
0.444444
0.119815
0.012728
0.033465
0.007639
0.080381
0.047214
0.032440
0.028175
0.064796
0.015355
0.049935
0.041911
0.012906
0.001779
0.020476
0.003779
0.001781
0.010644
0.000314
0.000123
0.039102
0.022599
0.021943
0.006597
0.038836
0.099284
0.026195
0.005642
0.045526
0.031299
0.062979
0.005130
0.039885
0.011631
0.012150
0.046705
0.056857
0.028993
0.158621
0.018016
0.026949
0.009736
0.017980
0.014285
0.028842
0.054275
0.176891
0.125234
0.054586
0.052325
0.040725
0.101107
0.068257
0.034321
0.040595
0.094915
0.036863
0.030758
0.002829
0.029251
0.015392
0.117989
0.072085
0.016913
0.071817
0.077017
0.006560
0.044658
0.021543
0.006411
0.009857
0.022555
0.045728
0.001452
0.056475
0.054293
0.015746
0.039487
0.010693
0.036395
0.025460
0.091183
0.028604
0.007408
0.120185
0.003263
0.053327
0.016263
0.093324
0.011100
0.009339
0.010992
0.126112
0.084707
0.068672
0.048554
0.117957
0.154869
0.026969
0.260196
0.444448
0.444449
0.444443
0.444438
0.444442
0.444448
0.444445
0.444447
0.444441
0.444444
0.444446
0.444446
0.444447
0.444445
0.444439
0.444449
0.444444
0.444447
0.444441
0.444448
0.444437
0.444455
0.444438
0.444444
0.444449
0.444444
0.444446
0.444436
0.444448
0.444428
0.045136
0.132857
0.054250
0.080291
0.112383
0.078623
0.063245
0.037983
0.007044
0.003918
0.004036
0.009139
0.037416
0.000898
0.019274
0.011807
0.019256
0.010150
0.004014
0.020308
0.003685
0.044956
0.074158
0.045783
0.010355
0.010251
0.021003
0.009138
0.012031
0.019796
0.006916
0.005532
0.040736
0.023755
0.013260
0.053235
0.014446
0.016315
0.007053
0.000300
0.018152
0.001537
0.001351
0.027380
0.004064
0.014055
0.011590
0.019327
0.019338
0.032987
0.002866
0.010462
0.035944
0.006352
0.013182
0.029241
0.030735
0.019027
0.008027
0.026080
0.042330
0.047670
0.039172
0.034719
0.033267
0.000218
0.022813
0.012303
0.002507
0.013289
0.016067
0.026490
0.000513
0.013916
0.013415
0.003837
0.018030
0.014670
0.004799
0.013368
0.020944
0.019444
0.004016
0.005178
0.007370
0.001450
0.003213
0.025059
0.002707
0.003183
0.011786
0.009283
0.006247
0.007625
0.020060
0.006982
0.005730
0.002785
0.007730
0.001102
0.001243
0.010402
0.015335
0.027278
0.021489
0.002791
0.019191
0.000998
0.002456
0.017287
0.019145
0.001827
0.002888
0.000446
0.000031
0.000705
0.009000
0.002366
0.001257
0.001551
0.002153
0.000312
0.014381
0.022803
0.000092
0.007163
0.002243
0.011920
0.001989
0.003407
0.001421
0.000967
0.004851
0.004686
0.005016
0.000900
0.000156
0.008112
0.008954
0.010664
0.008646
0.001760
0.009634
0.000642
0.003121
0.000818
0.005986
0.005310
0.004686
0.010177
0.005043
0.005111
0.002976
0.004792
0.001690
0.000234
0.010710
0.000065
0.006981
0.000728
0.002148
0.003387
0.007659
0.002028
0.000850
0.001256
0.002889
0.003162
0.000566
0.000298
