500
0.004686
0.000148
0.001828
0.004291
0.007118
0.002267
0.006155
0.012848
0.000464
0.000128
0.001423
0.001892
0.003275
0.001787
0.000952
0.000347
0.004988
0.000428
0.000756
0.001079
0.001292
0.001635
0.001469
0.010876
0.008871
0.003246
0.001506
0.005164
0.002904
0.000988
0.001458
0.001701
0.000109
0.001436
0.001063
0.001012
0.004469
0.001095
0.004892
0.010162
0.008096
0.002038
0.004900
0.017512
0.010965
0.000811
0.003616
0.021361
0.007446
0.005202
0.000753
0.004723
0.000387
0.003928
0.005379
0.006003
0.003221
0.003527
0.008183
0.015218
0.000456
0.008621
0.001852
0.000126
0.003665
0.008496
0.002729
0.002777
0.005219
0.004622
0.000688
0.006880
0.021141
0.024569
0.008267
0.001029
0.000005
0.002467
0.002030
0.011810
0.011421
0.020272
0.018373
0.000027
0.014998
0.016179
0.001292
0.000189
0.000292
0.016500
0.012559
0.005324
0.006212
0.007149
0.004545
0.019857
0.008064
0.019280
0.004206
0.000132
0.009071
0.008980
0.007548
0.002255
0.007923
0.016621
0.009417
0.003317
0.000468
0.039618
0.040061
0.021361
0.007552
0.000096
0.016335
0.004724
0.004543
0.003664
0.020370
0.014090
0.006628
0.030354
0.024165
0.023780
0.023368
0.017300
0.003708
0.007699
0.014651
0.003685
0.013843
0.007983
0.004848
0.002813
0.002868
0.013400
0.006549
0.001197
0.002263
0.021856
0.004135
0.018457
0.000591
0.006556
0.007903
0.009985
0.016049
0.006932
0.011554
0.002363
0.003650
0.011939
0.054123
0.004028
0.007635
0.022193
0.023146
0.003454
0.001698
0.003757
0.003849
0.004260
0.007611
0.000034
0.014208
0.026540
0.060636
0.055959
0.003335
0.002570
0.970516
0.959808
0.948418
0.962220
0.973803
0.968753
0.965198
0.964711
0.958110
0.963068
0.960160
0.977205
0.957093
0.963927
0.975846
0.968772
0.928613
0.964226
0.975061
0.961660
0.968450
0.969573
0.947639
0.967948
0.959374
0.967744
0.964575
0.958485
0.977291
0.952736
0.004761
0.009985
0.010486
0.016568
0.011491
0.019434
0.027834
0.026993
0.002467
0.000311
0.000967
0.022500
0.064932
0.049011
0.007347
0.008518
0.008092
0.005855
0.009485
0.000209
0.005796
0.016732
0.000257
0.036811
0.006487
0.002607
0.000656
0.005690
0.040967
0.043883
0.050331
0.031494
0.008454
0.025630
0.051672
0.001151
0.005212
0.006483
0.001501
0.014628
0.056229
0.131195
0.014972
0.005787
0.020124
0.028841
0.008061
0.019882
0.002065
0.029952
0.007736
0.014830
0.004021
0.008389
0.013064
0.001449
0.005474
0.011161
0.007859
0.001632
0.002466
0.019548
0.001086
0.003097
0.000730
0.012490
0.000685
0.014622
0.013273
0.003232
0.035434
0.030924
0.008248
0.022097
0.057111
0.024902
0.009191
0.050839
0.002600
0.020270
0.020173
0.016519
0.023628
0.060507
0.026263
0.001162
0.015290
0.011416
0.012935
0.024018
0.025963
0.036010
0.026530
0.009482
0.004736
0.029305
0.000410
0.008437
0.005529
0.010543
0.974977
0.952574
0.938969
0.967563
0.965099
0.972074
0.974019
0.983459
0.976238
0.965980
0.971401
0.967176
0.961342
0.970450
0.963841
0.969850
0.960637
0.975262
0.951454
0.966278
0.968592
0.958858
0.972333
0.960585
0.954653
0.954752
0.950639
0.958969
0.946886
0.961992
0.002950
0.001717
0.020050
0.007222
0.018826
0.050569
0.026822
0.004558
0.004666
0.006493
0.015439
0.034364
0.042515
0.029651
0.007877
0.001578
0.002780
0.000068
0.000909
0.006885
0.015605
0.006612
0.007160
0.001831
0.003998
0.007518
0.001885
0.016470
0.041634
0.053270
0.029237
0.005219
0.015214
0.012950
0.016106
0.007127
0.005771
0.001471
0.005346
0.011230
0.000215
0.015179
0.009770
0.008842
0.013913
0.003699
0.007328
0.010586
0.010217
0.002931
0.014934
0.017549
0.015058
0.003603
0.000176
0.000265
0.001283
0.019915
0.001519
0.001705
0.000800
0.000436
0.008235
0.014115
0.006423
0.020304
0.021378
0.008581
0.010205
0.002722
0.002122
0.000648
0.000177
0.004760
0.002188
0.006925
0.001295
0.005386
0.001581
0.001971
0.013536
0.004577
0.005674
0.000737
0.016481
0.012277
0.011274
0.000817
0.004971
0.000631
0.004151
0.027107
0.011131
0.001684
0.001203
0.016488
0.000311
0.000609
0.010340
0.002385
0.002245
0.002305
0.005870
0.015136
0.038976
0.009179
0.008670
0.001184
0.005074
0.017730
0.001869
0.004025
0.013897
0.001931
0.026065
0.002674
0.000029
0.006720
0.003556
0.002428
0.001531
0.001043
0.001806
0.016073
0.014579
0.006720
0.010119
0.011673
0.007414
0.012955
0.000737
0.008388
0.010348
0.004474
0.002424
0.000412
0.001180
0.001477
0.000086
0.005982
0.008508
0.012042
0.000563
0.003124
0.002026
0.003506
0.000912
0.002868
0.006937
0.010849
0.003956
0.000354
0.002054
0.000894
0.011067
0.001962
0.006080
0.001323
0.001863
0.003213
0.011574
0.005565
0.018205
0.008277
0.001639
0.000855
0.000770
0.000088
0.004549
0.001666
