500
0.001023
0.008584
0.014375
0.003283
0.008043
0.004949
0.006723
0.002764
0.006380
0.011308
0.022135
0.001815
0.007224
0.006067
0.004950
0.004390
0.001576
0.005913
0.006479
0.005017
0.000135
0.000737
0.008382
0.016331
0.019197
0.012933
0.007687
0.002395
0.005211
0.005859
0.006166
0.002976
0.039421
0.026511
0.000659
0.008161
0.012622
0.001531
0.002719
0.018664
0.005572
0.007426
0.000894
0.029836
0.010357
0.002571
0.002102
0.002839
0.016747
0.023730
0.007977
0.010880
0.012110
0.006775
0.010300
0.001977
0.004734
0.011741
0.018328
0.003147
0.000004
0.005572
0.025675
0.000522
0.002802
0.004443
0.004116
0.002515
0.005174
0.000010
0.005647
0.005436
0.001494
0.019156
0.012811
0.003573
0.000754
0.012818
0.030055
0.063600
0.007787
0.011445
0.003019
0.031989
0.008131
0.026531
0.004318
0.038085
0.016652
0.001600
0.002270
0.022168
0.003865
0.021577
0.001576
0.003966
0.001089
0.041000
0.040892
0.012426
0.028834
0.008572
0.023554
0.015909
0.052911
0.067491
0.022843
0.002374
0.048124
0.041280
0.052473
0.082673
0.020608
0.024092
0.015417
0.057791
0.004843
0.008151
0.026058
0.003067
0.010623
0.048679
0.021625
0.008839
0.024110
0.009785
0.006036
0.010701
0.014555
0.048380
0.000353
0.024120
0.002153
0.037762
0.037729
0.027155
0.031982
0.001299
0.010537
0.035421
0.019808
0.003630
0.008400
0.030852
0.003640
0.007667
0.020230
0.053451
0.073516
0.036554
0.018296
0.023149
0.095047
0.058941
0.004241
0.022849
0.092686
0.151218
0.072904
0.038963
0.038400
0.067218
0.001786
0.104947
0.084333
0.012673
0.009658
0.022332
0.030877
0.051178
0.956915
0.956583
0.952556
0.952203
0.960419
0.953898
0.957447
0.955929
0.957229
0.955666
0.958867
0.947594
0.951925
0.959922
0.955949
0.955516
0.948795
0.954337
0.950416
0.944146
0.948348
0.955979
0.950305
0.955643
0.956922
0.961759
0.959302
0.953736
0.961969
0.955140
0.181664
0.001276
0.059585
0.046217
0.081993
0.078206
0.005202
0.031282
0.066717
0.016612
0.055684
0.046216
0.013026
0.005860
0.011709
0.008571
0.003826
0.006077
0.003930
0.009119
0.055251
0.055346
0.014070
0.000264
0.025701
0.092227
0.049187
0.023841
0.045034
0.024602
0.073761
0.002569
0.039444
0.004246
0.008528
0.064263
0.096826
0.040708
0.175793
0.031825
0.048278
0.011152
0.034547
0.067989
0.036593
0.035774
0.176111
0.156673
0.090626
0.061109
0.027441
0.161003
0.110797
0.026874
0.017949
0.066451
0.040743
0.036276
0.001879
0.014267
0.025188
0.093820
0.063451
0.040688
0.073400
0.060588
0.036434
0.053215
0.059685
0.014650
0.032748
0.050555
0.044555
0.003095
0.035120
0.058982
0.017346
0.014722
0.000012
0.050598
0.034652
0.147347
0.023511
0.015063
0.126472
0.002473
0.035467
0.040625
0.083131
0.053298
0.019755
0.021660
0.177359
0.074078
0.141485
0.076174
0.108935
0.180639
0.028875
0.294486
0.956111
0.958518
0.954514
0.954628
0.953251
0.959306
0.961113
0.961484
0.957798
0.953545
0.958869
0.953785
0.958583
0.956800
0.954796
0.958942
0.956015
0.959538
0.958127
0.961910
0.952310
0.959555
0.950863
0.955190
0.958852
0.952856
0.957318
0.949640
0.957609
0.947718
0.052522
0.204689
0.054717
0.092710
0.125517
0.119567
0.078415
0.029724
0.006214
0.017915
0.006275
0.030868
0.057926
0.002822
0.040591
0.017213
0.037561
0.003355
0.002403
0.036342
0.019059
0.098010
0.158359
0.080167
0.005834
0.010622
0.004231
0.033574
0.021371
0.020789
0.014834
0.006930
0.054924
0.039268
0.012419
0.033323
0.029538
0.023715
0.016893
0.005054
0.027646
0.000148
0.004724
0.031571
0.004230
0.033032
0.014112
0.009781
0.015734
0.022303
0.000017
0.011819
0.046720
0.002170
0.021926
0.015518
0.046653
0.016089
0.010091
0.010341
0.041797
0.073868
0.048016
0.028567
0.018447
0.002492
0.013043
0.010210
0.000275
0.001466
0.035151
0.027436
0.000060
0.029984
0.021845
0.013690
0.038792
0.022309
0.024984
0.010617
0.047335
0.011185
0.000645
0.000117
0.021196
0.000747
0.001410
0.029204
0.002805
0.003072
0.012244
0.006169
0.004030
0.006693
0.034201
0.004914
0.002006
0.002206
0.005688
0.005088
0.004994
0.018768
0.020428
0.038853
0.030711
0.002254
0.022822
0.004570
0.016009
0.022080
0.030106
0.003716
0.002592
0.004036
0.008036
0.000096
0.006844
0.005017
0.002380
0.001793
0.001713
0.000353
0.006861
0.020911
0.001155
0.010578
0.004525
0.023608
0.006825
0.005773
0.003944
0.003936
0.010482
0.010133
0.006957
0.002238
0.001152
0.009166
0.010395
0.004752
0.004327
0.005566
0.026250
0.006549
0.010682
0.001909
0.004405
0.014092
0.014083
0.020696
0.009561
0.006540
0.005116
0.014288
0.010240
0.002160
0.018223
0.000229
0.008578
0.003237
0.004166
0.006782
0.016033
0.003954
0.001144
0.000234
0.011705
0.009414
0.001877
0.001223
