50
0.226735 inf 2278114.250000
0.226734 inf 2278589.750000
0.226733 inf 2278895.500000
0.226733 inf 2279100.000000
0.226732 inf 2279232.250000
0.226732 0.000000 2279295.000000
0.226732 0.000000 2279324.250000
0.226732 inf 2279327.750000
0.226732 inf 324.248169
0.226732 0.000000 2279330.500000
0.226732 inf 2279333.500000
0.226732 0.000000 2279333.500000
0.226732 inf 2279334.750000
0.226732 0.000000 2279344.000000
0.226732 0.000000 2279361.000000
0.226731 0.000000 2279375.250000
0.226732 inf 2279388.750000
0.226732 inf 2279399.000000
0.226731 0.000000 2279404.750000
0.226731 inf 2279408.000000
0.226731 inf 2279413.000000
0.226731 inf 2279411.750000
0.226731 inf 2279412.500000
0.226731 inf 2279419.500000
0.226731 0.000000 2279422.500000
0.226731 inf 2279424.750000
0.226731 inf 2279428.750000
0.226731 0.000000 2279426.250000
0.226731 inf 2279423.750000
0.226731 0.000000 2279421.750000
0.226731 inf 2279421.000000
0.226731 inf 2279418.250000
0.226731 0.000000 2279415.000000
0.226731 0.000000 2279415.750000
0.226731 inf 2279410.500000
0.226731 inf 2279409.000000
0.226731 inf 2279407.250000
0.226731 inf 2279407.500000
0.226731 inf 2279404.250000
0.226731 inf 2279412.750000
0.226731 inf 2279417.000000
0.226731 inf 2279420.250000
0.226731 inf 2279419.750000
0.226731 0.000000 2279418.000000
0.226730 0.000000 2279415.750000
0.226730 inf 2279411.250000
0.226730 inf 2279407.500000
0.226730 inf 2279406.250000
0.226730 0.000000 2279402.000000
0.226730 inf 2279401.250000
